Period	LjungBox_pval	SeasonalStrength	TrendStrength
5	0.000000	0.000000	0.996488
6	0.000000	0.000000	0.996170
7	0.000000	0.000000	0.995288
8	0.000000	0.000000	0.993552
9	0.000000	0.000000	0.992984
10	0.000000	0.000000	0.993002
11	0.000000	0.000000	0.993453
12	0.000000	0.000000	0.992235
13	0.000000	0.000000	0.991768
14	0.000000	0.000000	0.991033
15	0.000000	0.000000	0.990653
16	0.000000	0.000000	0.988409
17	0.000000	0.000000	0.989226
18	0.000000	0.000000	0.988847
19	0.000000	0.000000	0.987574
20	0.000000	0.000000	0.985899
21	0.000000	0.000000	0.987340
22	0.000000	0.000000	0.986692
23	0.000000	0.000000	0.986552
24	0.000000	0.000000	0.987413
25	0.000000	0.000000	0.987937
26	0.000000	0.012872	0.987035
27	0.000000	0.035996	0.987500
28	0.000000	0.000000	0.985360
29	0.000000	0.000000	0.982291
30	0.000000	0.000000	0.982855
31	0.000000	0.000000	0.983323
32	0.000000	0.000000	0.975085
33	0.000000	0.000000	0.978189
34	0.000000	0.001084	0.984574
35	0.000000	0.000000	0.979843
36	0.000000	0.000000	0.978404
37	0.000000	0.000000	0.978493
38	0.000000	0.000000	0.980224
39	0.000000	0.001875	0.981112
40	0.000000	0.017788	0.981549
41	0.000000	0.011980	0.981387
42	0.000000	0.047678	0.981172
43	0.000000	0.018672	0.979413
44	0.000000	0.048188	0.980291
45	0.000000	0.000000	0.975938
46	0.000000	0.000616	0.978811
47	0.000000	0.000000	0.974792
48	0.000000	0.000000	0.976401
49	0.000000	0.000000	0.975003
50	0.000000	0.012400	0.973862
51	0.000000	0.015770	0.975021
52	0.000000	0.032647	0.974862
53	0.000000	0.019826	0.974720
54	0.000000	0.005320	0.974015
55	0.000000	0.000000	0.973959
56	0.000000	0.043475	0.974602
57	0.000000	0.026742	0.973531
58	0.000000	0.028998	0.973314
59	0.000000	0.000000	0.971082
60	0.000000	0.013361	0.970699
61	0.000000	0.000332	0.970034
62	0.000000	0.000000	0.968550
63	0.000000	0.000000	0.965281
64	0.000000	0.000000	0.965929
65	0.000000	0.000000	0.965237
66	0.000000	0.000000	0.965356
67	0.000000	0.000000	0.966932
68	0.000000	0.000000	0.966822
69	0.000000	0.000000	0.968103
70	0.000000	0.000000	0.966802
71	0.000000	0.000000	0.964175
72	0.000000	0.000000	0.963515
73	0.000000	0.000000	0.965015
74	0.000000	0.000000	0.963645
75	0.000000	0.000000	0.963517
76	0.000000	0.000000	0.958494
77	0.000000	0.000000	0.960636
78	0.000000	0.000000	0.961342
79	0.000000	0.000000	0.962010
80	0.000000	0.000000	0.960776
81	0.000000	0.000000	0.961058
82	0.000000	0.000000	0.963176
83	0.000000	0.000000	0.961960
84	0.000000	0.000000	0.962719
85	0.000000	0.000000	0.962232
86	0.000000	0.000000	0.962729
87	0.000000	0.008348	0.965606
88	0.000000	0.026795	0.966522
89	0.000000	0.058482	0.966869
90	0.000000	0.066788	0.966819
91	0.000000	0.054836	0.965467
92	0.000000	0.042326	0.963683
93	0.000000	0.012809	0.963602
94	0.000000	0.021707	0.963472
95	0.000000	0.052601	0.962365
96	0.000000	0.048563	0.962649
97	0.000000	0.028331	0.963055
98	0.000000	0.026298	0.962803
99	0.000000	0.047982	0.963228
100	0.000000	0.045401	0.962178
101	0.000000	0.033007	0.961334
102	0.000000	0.008785	0.960648
103	0.000000	0.005493	0.961179
104	0.000000	0.012279	0.961803
105	0.000000	0.017760	0.961327
106	0.000000	0.000000	0.959922
107	0.000000	0.000000	0.959689
108	0.000000	0.005658	0.959524
109	0.000000	0.000357	0.958830
110	0.000000	0.000000	0.958104
111	0.000000	0.007255	0.958792
112	0.000000	0.000000	0.959261
113	0.000000	0.000000	0.959246
114	0.000000	0.012524	0.959677
115	0.000000	0.009532	0.959033
116	0.000000	0.003990	0.957475
117	0.000000	0.033164	0.958300
118	0.000000	0.033320	0.957297
119	0.000000	0.011878	0.955650
120	0.000000	0.005564	0.954968
121	0.000000	0.000000	0.954218
122	0.000000	0.000000	0.953085
123	0.000000	0.000000	0.952163
124	0.000000	0.000000	0.951273
125	0.000000	0.000000	0.950998
126	0.000000	0.000000	0.952004
127	0.000000	0.000000	0.952569
128	0.000000	0.000000	0.951633
129	0.000000	0.000000	0.949284
130	0.000000	0.000000	0.947232
131	0.000000	0.000000	0.947811
132	0.000000	0.000000	0.946522
133	0.000000	0.000000	0.945068
134	0.000000	0.000000	0.946027
135	0.000000	0.000000	0.944998
136	0.000000	0.000000	0.945296
137	0.000000	0.000000	0.945372
138	0.000000	0.025676	0.945877
139	0.000000	0.036809	0.946436
140	0.000000	0.049735	0.945749
141	0.000000	0.053741	0.945762
142	0.000000	0.054770	0.945199
143	0.000000	0.049393	0.944669
144	0.000000	0.062899	0.945282
145	0.000000	0.048211	0.943931
146	0.000000	0.031286	0.944736
147	0.000000	0.028115	0.945241
148	0.000000	0.023124	0.944013
149	0.000000	0.010941	0.944057
150	0.000000	0.039202	0.946435
151	0.000000	0.032734	0.946569
152	0.000000	0.024253	0.946088
153	0.000000	0.046223	0.948117
154	0.000000	0.053928	0.949707
155	0.000000	0.044260	0.949328
156	0.000000	0.018421	0.948246
157	0.000000	0.025179	0.948191
158	0.000000	0.048626	0.947975
159	0.000000	0.027970	0.947342
160	0.000000	0.031859	0.947202
161	0.000000	0.031063	0.947058
162	0.000000	0.042624	0.947479
163	0.000000	0.064344	0.947150
164	0.000000	0.056095	0.946422
165	0.000000	0.044386	0.945239
166	0.000000	0.048720	0.945831
167	0.000000	0.001811	0.941649
168	0.000000	0.032028	0.943158
169	0.000000	0.020602	0.941671
170	0.000000	0.025247	0.941759
171	0.000000	0.088594	0.945775
172	0.000000	0.089005	0.946365
173	0.000000	0.082520	0.947180
174	0.000000	0.075763	0.946397
175	0.000000	0.083182	0.945983
176	0.000000	0.095752	0.946603
177	0.000000	0.098866	0.946009
178	0.000000	0.075553	0.942975
179	0.000000	0.057135	0.941589
180	0.000000	0.038869	0.939471
181	0.000000	0.054897	0.939942
182	0.000000	0.035630	0.936928
183	0.000000	0.003958	0.933533
184	0.000000	0.003153	0.932623
185	0.000000	0.000000	0.931808
186	0.000000	0.000000	0.929561
187	0.000000	0.000000	0.928904
188	0.000000	0.000000	0.928368
189	0.000000	0.000000	0.929462
190	0.000000	0.000000	0.930790
191	0.000000	0.000000	0.932068
192	0.000000	0.000000	0.931537
193	0.000000	0.000000	0.934811
194	0.000000	0.000000	0.935454
195	0.000000	0.000599	0.935532
196	0.000000	0.000000	0.933534
197	0.000000	0.000000	0.928199
198	0.000000	0.000000	0.929245
199	0.000000	0.000000	0.926237
200	0.000000	0.000000	0.923832
201	0.000000	0.000000	0.925526
202	0.000000	0.000000	0.927037
203	0.000000	0.000000	0.928552
204	0.000000	0.000000	0.929278
205	0.000000	0.002904	0.929303
206	0.000000	0.000000	0.926538
207	0.000000	0.000000	0.922629
208	0.000000	0.000000	0.919562
209	0.000000	0.000000	0.919012
210	0.000000	0.000000	0.919910
211	0.000000	0.000000	0.916244
212	0.000000	0.000000	0.919284
213	0.000000	0.000000	0.916342
214	0.000000	0.000000	0.917341
215	0.000000	0.000000	0.912669
216	0.000000	0.000000	0.913024
217	0.000000	0.000000	0.911570
218	0.000000	0.000000	0.913785
219	0.000000	0.000000	0.915307
220	0.000000	0.000000	0.911747
221	0.000000	0.000000	0.910487
222	0.000000	0.000000	0.909454
223	0.000000	0.000000	0.910142
224	0.000000	0.000000	0.909145
225	0.000000	0.000000	0.910263
226	0.000000	0.000000	0.910911
227	0.000000	0.000000	0.911005
228	0.000000	0.000000	0.908598
229	0.000000	0.000000	0.904546
230	0.000000	0.000000	0.906065
231	0.000000	0.000000	0.911621
232	0.000000	0.000000	0.911771
233	0.000000	0.021178	0.915684
234	0.000000	0.018958	0.915062
235	0.000000	0.001359	0.910954
236	0.000000	0.001915	0.913265
237	0.000000	0.000000	0.903616
238	0.000000	0.000000	0.904821
239	0.000000	0.005783	0.911149
240	0.000000	0.008095	0.912100
241	0.000000	0.000000	0.910035
242	0.000000	0.000000	0.904019
243	0.000000	0.000000	0.902619
244	0.000000	0.000000	0.902967
245	0.000000	0.000000	0.900968
246	0.000000	0.000000	0.897822
247	0.000000	0.000000	0.887240
248	0.000000	0.000000	0.890088
249	0.000000	0.000000	0.886472
250	0.000000	0.000000	0.884262
251	0.000000	0.000000	0.884514
252	0.000000	0.000000	0.881870
253	0.000000	0.000000	0.879494
254	0.000000	0.000000	0.873204
255	0.000000	0.000000	0.866693
256	0.000000	0.000000	0.868842
257	0.000000	0.000000	0.861535
258	0.000000	0.000000	0.861576
259	0.000000	0.000000	0.865432
260	0.000000	0.000000	0.877338
261	0.000000	0.000000	0.883216
262	0.000000	0.000000	0.885876
263	0.000000	0.000000	0.890810
264	0.000000	0.000000	0.886476
265	0.000000	0.000000	0.878852
266	0.000000	0.000000	0.879181
267	0.000000	0.000000	0.870103
268	0.000000	0.000000	0.861883
269	0.000000	0.000000	0.859667
270	0.000000	0.000000	0.875486
271	0.000000	0.000000	0.876372
272	0.000000	0.000000	0.879946
273	0.000000	0.000000	0.881439
274	0.000000	0.000000	0.880683
275	0.000000	0.000000	0.881648
276	0.000000	0.000000	0.880342
277	0.000000	0.000000	0.875480
278	0.000000	0.000000	0.874567
279	0.000000	0.000000	0.871360
280	0.000000	0.000000	0.870569
281	0.000000	0.000000	0.868344
282	0.000000	0.000000	0.863944
283	0.000000	0.000000	0.861787
284	0.000000	0.000000	0.860528
285	0.000000	0.000000	0.858327
286	0.000000	0.000000	0.853722
287	0.000000	0.000000	0.846363
288	0.000000	0.000000	0.858352
289	0.000000	0.000000	0.859612
290	0.000000	0.000000	0.858445
291	0.000000	0.000000	0.861943
292	0.000000	0.000000	0.859087
293	0.000000	0.000000	0.859100
294	0.000000	0.000000	0.859194
295	0.000000	0.000000	0.858907
296	0.000000	0.000000	0.859405
297	0.000000	0.000000	0.854354
298	0.000000	0.000000	0.850650
299	0.000000	0.000000	0.852359
300	0.000000	0.000000	0.852319
301	0.000000	0.000000	0.849849
302	0.000000	0.000000	0.851457
303	0.000000	0.000000	0.849642
304	0.000000	0.000000	0.850155
305	0.000000	0.000000	0.849421
306	0.000000	0.000000	0.847703
307	0.000000	0.000000	0.844617
308	0.000000	0.000000	0.844003
309	0.000000	0.000000	0.844899
310	0.000000	0.000000	0.847650
311	0.000000	0.000000	0.853312
312	0.000000	0.000000	0.854843
313	0.000000	0.000000	0.853641
314	0.000000	0.000000	0.849203
315	0.000000	0.000000	0.847870
316	0.000000	0.000000	0.845356
317	0.000000	0.000000	0.846141
318	0.000000	0.000000	0.843913
319	0.000000	0.000000	0.843924
320	0.000000	0.000000	0.841883
321	0.000000	0.000000	0.834462
322	0.000000	0.000000	0.831514
323	0.000000	0.000000	0.831238
324	0.000000	0.000000	0.829123
325	0.000000	0.000000	0.825740
326	0.000000	0.000000	0.823385
327	0.000000	0.000000	0.820877
328	0.000000	0.000000	0.817634
329	0.000000	0.000000	0.816066
330	0.000000	0.000000	0.815341
331	0.000000	0.000000	0.817948
332	0.000000	0.000000	0.816312
333	0.000000	0.000000	0.812798
334	0.000000	0.000000	0.813374
335	0.000000	0.000000	0.813993
336	0.000000	0.000000	0.815373
337	0.000000	0.000000	0.811958
338	0.000000	0.000000	0.810122
339	0.000000	0.000000	0.811785
340	0.000000	0.000000	0.812816
341	0.000000	0.000000	0.812877
342	0.000000	0.000000	0.810760
343	0.000000	0.000000	0.810108
344	0.000000	0.000000	0.809508
345	0.000000	0.000000	0.809777
346	0.000000	0.000000	0.804749
347	0.000000	0.000000	0.802685
348	0.000000	0.000000	0.804775
349	0.000000	0.000000	0.806968
350	0.000000	0.000000	0.803666
351	0.000000	0.000000	0.800479
352	0.000000	0.000000	0.802046
353	0.000000	0.000000	0.801393
354	0.000000	0.000000	0.797666
355	0.000000	0.000000	0.797053
356	0.000000	0.000000	0.793022
357	0.000000	0.000000	0.789669
358	0.000000	0.000000	0.788589
359	0.000000	0.000000	0.786624
360	0.000000	0.000000	0.787157
361	0.000000	0.000000	0.788182
362	0.000000	0.000000	0.790785
363	0.000000	0.000000	0.793889
364	0.000000	0.000000	0.793497
365	0.000000	0.000000	0.798040
366	0.000000	0.000000	0.800304
367	0.000000	0.000000	0.803423
368	0.000000	0.000000	0.802734
369	0.000000	0.000000	0.804629
370	0.000000	0.000000	0.807160
371	0.000000	0.000000	0.805125
372	0.000000	0.000000	0.808101
373	0.000000	0.000000	0.807235
374	0.000000	0.000000	0.802774
375	0.000000	0.000000	0.804249
376	0.000000	0.000000	0.803700
377	0.000000	0.000000	0.807490
378	0.000000	0.000000	0.808316
379	0.000000	0.000000	0.808962
380	0.000000	0.000000	0.810113
381	0.000000	0.000000	0.807992
382	0.000000	0.000000	0.805956
383	0.000000	0.000000	0.803711
384	0.000000	0.000000	0.802278
385	0.000000	0.000000	0.799685
386	0.000000	0.000000	0.799232
387	0.000000	0.000000	0.796410
388	0.000000	0.000000	0.796541
389	0.000000	0.000000	0.795161
390	0.000000	0.000000	0.795950
391	0.000000	0.000000	0.797782
392	0.000000	0.000000	0.798284
393	0.000000	0.000000	0.796903
394	0.000000	0.000000	0.798042
395	0.000000	0.000000	0.796032
396	0.000000	0.000000	0.794313
397	0.000000	0.000000	0.793631
398	0.000000	0.000000	0.792099
399	0.000000	0.000000	0.792166
400	0.000000	0.000000	0.791751
401	0.000000	0.000000	0.789625
402	0.000000	0.000000	0.788919
403	0.000000	0.000000	0.788898
404	0.000000	0.000000	0.789223
405	0.000000	0.000000	0.792921
406	0.000000	0.000000	0.792909
407	0.000000	0.000000	0.794309
408	0.000000	0.000000	0.797067
409	0.000000	0.000000	0.796735
410	0.000000	0.000000	0.795067
411	0.000000	0.000000	0.794018
412	0.000000	0.000000	0.793589
413	0.000000	0.000000	0.793253
414	0.000000	0.000000	0.796070
415	0.000000	0.000000	0.798098
416	0.000000	0.000000	0.799164
417	0.000000	0.000000	0.803956
418	0.000000	0.000000	0.806275
419	0.000000	0.000000	0.805558
420	0.000000	0.000000	0.807017
421	0.000000	0.000000	0.809303
422	0.000000	0.000000	0.807053
423	0.000000	0.000000	0.807482
424	0.000000	0.000000	0.807651
425	0.000000	0.000000	0.806579
426	0.000000	0.000000	0.806204
427	0.000000	0.000000	0.805666
428	0.000000	0.000000	0.803814
429	0.000000	0.000000	0.800206
430	0.000000	0.000000	0.796965
431	0.000000	0.000000	0.796706
432	0.000000	0.000000	0.797368
433	0.000000	0.000000	0.795934
434	0.000000	0.000000	0.796663
435	0.000000	0.000000	0.799160
436	0.000000	0.000000	0.797508
437	0.000000	0.000000	0.799812
438	0.000000	0.000000	0.800197
439	0.000000	0.001734	0.800643
440	0.000000	0.003197	0.802094
441	0.000000	0.006801	0.798866
442	0.000000	0.010836	0.796988
443	0.000000	0.009738	0.794701
444	0.000000	0.013826	0.794937
445	0.000000	0.011811	0.793480
446	0.000000	0.012227	0.791570
447	0.000000	0.011239	0.790196
448	0.000000	0.013013	0.790489
449	0.000000	0.012838	0.790581
450	0.000000	0.008341	0.788158
451	0.000000	0.000746	0.785530
452	0.000000	0.002877	0.785857
453	0.000000	0.001972	0.785449
454	0.000000	0.001515	0.784763
455	0.000000	0.002558	0.783449
456	0.000000	0.000235	0.781986
457	0.000000	0.000000	0.781298
458	0.000000	0.000000	0.780957
459	0.000000	0.000000	0.780121
460	0.000000	0.000000	0.777790
461	0.000000	0.000000	0.774570
462	0.000000	0.000000	0.771574
463	0.000000	0.000000	0.769816
464	0.000000	0.000000	0.768209
465	0.000000	0.000000	0.767814
466	0.000000	0.000000	0.766394
467	0.000000	0.000000	0.765604
468	0.000000	0.000000	0.763258
469	0.000000	0.000000	0.761693
470	0.000000	0.000000	0.759539
471	0.000000	0.000000	0.757152
472	0.000000	0.000000	0.755086
473	0.000000	0.000000	0.755086
474	0.000000	0.000000	0.755204
475	0.000000	0.000000	0.753447
476	0.000000	0.000000	0.753960
477	0.000000	0.000000	0.755565
478	0.000000	0.000000	0.755159
479	0.000000	0.000000	0.754791
480	0.000000	0.000000	0.753173
481	0.000000	0.000000	0.753282
482	0.000000	0.000000	0.752355
483	0.000000	0.000000	0.752421
484	0.000000	0.000000	0.753074
485	0.000000	0.000000	0.752223
486	0.000000	0.000000	0.751437
487	0.000000	0.000000	0.752097
488	0.000000	0.000000	0.750531
489	0.000000	0.000000	0.752528
490	0.000000	0.000000	0.751587
491	0.000000	0.000000	0.750068
492	0.000000	0.000000	0.745810
493	0.000000	0.000000	0.742486
494	0.000000	0.000000	0.739235
495	0.000000	0.000000	0.741404
496	0.000000	0.000000	0.742861
497	0.000000	0.000000	0.742659
498	0.000000	0.000000	0.742418
499	0.000000	0.000000	0.744632
500	0.000000	0.000000	0.744180
501	0.000000	0.000000	0.746578
502	0.000000	0.000000	0.750327
503	0.000000	0.000000	0.750140
504	0.000000	0.000000	0.749392
505	0.000000	0.000000	0.741240
506	0.000000	0.000000	0.735036
507	0.000000	0.000000	0.730182
508	0.000000	0.000000	0.734547
509	0.000000	0.000000	0.730329
510	0.000000	0.000000	0.731513
511	0.000000	0.000000	0.732678
512	0.000000	0.000000	0.730592
513	0.000000	0.000000	0.724118
514	0.000000	0.000000	0.728125
515	0.000000	0.000000	0.723749
516	0.000000	0.000000	0.724806
517	0.000000	0.000000	0.719432
518	0.000000	0.000000	0.718803
519	0.000000	0.000000	0.718699
520	0.000000	0.000000	0.717808
521	0.000000	0.000000	0.722308
522	0.000000	0.000000	0.725880
523	0.000000	0.000000	0.727447
524	0.000000	0.000000	0.727206
525	0.000000	0.000000	0.725723
526	0.000000	0.000000	0.723757
527	0.000000	0.000000	0.721618
528	0.000000	0.000000	0.720832
529	0.000000	0.000000	0.719078
530	0.000000	0.000000	0.718640
531	0.000000	0.000000	0.717540
532	0.000000	0.000000	0.714706
533	0.000000	0.000000	0.714011
534	0.000000	0.000000	0.712316
535	0.000000	0.000000	0.711706
536	0.000000	0.000000	0.710908
537	0.000000	0.000000	0.709814
538	0.000000	0.000000	0.707747
539	0.000000	0.000000	0.704684
540	0.000000	0.000000	0.706304
541	0.000000	0.000000	0.707334
542	0.000000	0.000000	0.704589
543	0.000000	0.000000	0.705330
544	0.000000	0.000000	0.704859
545	0.000000	0.000000	0.704242
546	0.000000	0.000000	0.704189
547	0.000000	0.000000	0.703506
548	0.000000	0.000000	0.703163
549	0.000000	0.000000	0.703288
550	0.000000	0.000000	0.704236
551	0.000000	0.000000	0.705535
552	0.000000	0.000000	0.706847
553	0.000000	0.000000	0.706996
554	0.000000	0.000000	0.706987
555	0.000000	0.000000	0.707279
556	0.000000	0.000000	0.706188
557	0.000000	0.000000	0.704949
558	0.000000	0.000000	0.703993
559	0.000000	0.000000	0.702414
560	0.000000	0.000000	0.703060
561	0.000000	0.000000	0.702833
562	0.000000	0.000000	0.701963
563	0.000000	0.000000	0.701419
564	0.000000	0.000000	0.701505
565	0.000000	0.000000	0.700883
566	0.000000	0.000000	0.699574
567	0.000000	0.000000	0.698152
568	0.000000	0.000000	0.698489
569	0.000000	0.000000	0.698692
570	0.000000	0.000000	0.697373
571	0.000000	0.000000	0.696087
572	0.000000	0.000000	0.695423
573	0.000000	0.000000	0.693422
574	0.000000	0.000000	0.693451
575	0.000000	0.000000	0.692827
576	0.000000	0.000000	0.692379
577	0.000000	0.000000	0.693239
578	0.000000	0.000000	0.695052
579	0.000000	0.000000	0.694943
580	0.000000	0.000000	0.694701
581	0.000000	0.000000	0.693292
582	0.000000	0.000000	0.690446
583	0.000000	0.000000	0.693073
584	0.000000	0.000000	0.698023
585	0.000000	0.000000	0.699533
586	0.000000	0.000000	0.702167
587	0.000000	0.000000	0.703876
588	0.000000	0.002319	0.705109
589	0.000000	0.007370	0.707260
590	0.000000	0.012244	0.708861
591	0.000000	0.015664	0.708864
592	0.000000	0.019044	0.710050
593	0.000000	0.024119	0.710979
594	0.000000	0.026552	0.711742
595	0.000000	0.028786	0.712287
596	0.000000	0.035942	0.715099
597	0.000000	0.038323	0.717336
598	0.000000	0.040349	0.719317
599	0.000000	0.043908	0.720731
600	0.000000	0.044156	0.720150
601	0.000000	0.044856	0.719483
602	0.000000	0.044269	0.720436
603	0.000000	0.046242	0.721043
604	0.000000	0.048747	0.720415
605	0.000000	0.048067	0.720231
606	0.000000	0.050099	0.721282
607	0.000000	0.045749	0.720179
608	0.000000	0.043863	0.720798
609	0.000000	0.045780	0.722178
610	0.000000	0.045990	0.723682
611	0.000000	0.047226	0.725827
612	0.000000	0.052318	0.729524
613	0.000000	0.054263	0.730733
614	0.000000	0.053076	0.731417
615	0.000000	0.053628	0.732846
616	0.000000	0.054056	0.735200
617	0.000000	0.057227	0.737249
618	0.000000	0.061440	0.739479
619	0.000000	0.064292	0.740754
620	0.000000	0.067358	0.741473
621	0.000000	0.070111	0.741814
622	0.000000	0.070543	0.741611
623	0.000000	0.069828	0.741932
624	0.000000	0.067809	0.741648
625	0.000000	0.064441	0.742477
626	0.000000	0.065248	0.744122
627	0.000000	0.070926	0.746561
628	0.000000	0.071564	0.748806
629	0.000000	0.070109	0.748831
630	0.000000	0.068493	0.749069
631	0.000000	0.069152	0.748652
632	0.000000	0.072794	0.749160
633	0.000000	0.083427	0.751060
634	0.000000	0.098518	0.756003
635	0.000000	0.108148	0.758898
636	0.000000	0.115213	0.760789
637	0.000000	0.120423	0.762372
638	0.000000	0.129986	0.764717
639	0.000000	0.130515	0.765808
640	0.000000	0.136571	0.769371
641	0.000000	0.139303	0.769033
642	0.000000	0.139266	0.768345
643	0.000000	0.140374	0.768818
644	0.000000	0.135400	0.767039
645	0.000000	0.134627	0.767768
646	0.000000	0.131335	0.765637
647	0.000000	0.132646	0.765371
648	0.000000	0.132053	0.764127
649	0.000000	0.128692	0.760146
650	0.000000	0.130085	0.759318
651	0.000000	0.132238	0.757941
652	0.000000	0.133524	0.756582
653	0.000000	0.137249	0.755938
654	0.000000	0.144410	0.759852
655	0.000000	0.143572	0.757832
656	0.000000	0.145804	0.756764
657	0.000000	0.148593	0.755871
658	0.000000	0.159823	0.757962
659	0.000000	0.160263	0.757014
660	0.000000	0.161612	0.755443
661	0.000000	0.165650	0.756316
662	0.000000	0.164816	0.757288
663	0.000000	0.162915	0.757143
664	0.000000	0.160218	0.756184
665	0.000000	0.174877	0.760468
666	0.000000	0.184922	0.764697
667	0.000000	0.188455	0.764577
668	0.000000	0.184353	0.762405
669	0.000000	0.187105	0.763523
670	0.000000	0.189148	0.764250
671	0.000000	0.192640	0.764874
672	0.000000	0.191827	0.763956
673	0.000000	0.188182	0.761534
674	0.000000	0.190422	0.759937
675	0.000000	0.188109	0.759360
676	0.000000	0.192790	0.759591
677	0.000000	0.196378	0.759642
678	0.000000	0.198562	0.759178
679	0.000000	0.196943	0.758198
680	0.000000	0.200314	0.756628
681	0.000000	0.199822	0.757123
682	0.000000	0.207810	0.758306
683	0.000000	0.202231	0.753825
684	0.000000	0.196785	0.751529
685	0.000000	0.198256	0.750124
686	0.000000	0.195495	0.746915
687	0.000000	0.189505	0.743527
688	0.000000	0.187817	0.738759
689	0.000000	0.182604	0.735295
690	0.000000	0.182720	0.733586
691	0.000000	0.184738	0.734576
692	0.000000	0.180723	0.734340
693	0.000000	0.183848	0.736176
694	0.000000	0.187749	0.736839
695	0.000000	0.186334	0.736626
696	0.000000	0.187440	0.737829
697	0.000000	0.190599	0.738340
698	0.000000	0.195347	0.739218
699	0.000000	0.198344	0.740282
