Period	LjungBox_pval	SeasonalStrength	TrendStrength
5	0.000000	0.057737	0.045630
6	0.051027	0.073651	0.043945
7	0.000000	0.075604	0.036300
8	0.000000	0.106979	0.046313
9	0.000000	0.098360	0.042805
10	0.000000	0.110257	0.036540
11	0.000777	0.110181	0.031672
12	0.000001	0.087558	0.028509
13	0.000026	0.130796	0.022042
14	0.003680	0.115713	0.013666
15	0.000478	0.134491	0.012668
16	0.000535	0.098918	0.021082
17	0.006913	0.110334	0.020129
18	0.000000	0.094474	0.000000
19	0.142255	0.109469	0.022874
20	0.000034	0.116590	0.011088
21	0.001166	0.112422	0.013670
22	0.058085	0.095367	0.011180
23	0.023594	0.077863	0.008075
24	0.000002	0.114480	0.006771
25	0.088216	0.121879	0.007265
26	0.000000	0.082942	0.002650
27	0.000001	0.116622	0.010522
28	0.000000	0.136121	0.013142
29	0.062067	0.139351	0.004554
30	0.001211	0.118554	0.005235
31	0.030020	0.154445	0.008704
32	0.000027	0.133292	0.005446
33	0.000018	0.131360	0.010390
34	0.026882	0.097062	0.008765
35	0.000292	0.091400	0.008374
36	0.005330	0.094624	0.007378
37	0.016901	0.115690	0.003232
38	0.000034	0.133293	0.005854
39	0.008969	0.119887	0.000000
40	0.000000	0.097770	0.002349
41	0.000005	0.132902	0.006106
42	0.000003	0.138027	0.007897
43	0.004004	0.098922	0.006813
44	0.000024	0.110797	0.004344
45	0.000113	0.132003	0.006301
46	0.019614	0.133002	0.003015
47	0.001469	0.102660	0.006058
48	0.000226	0.109443	0.000000
49	0.082228	0.145425	0.006384
50	0.001742	0.137931	0.004197
51	0.000726	0.089728	0.011389
52	0.000001	0.172093	0.003803
53	0.009550	0.134571	0.002964
54	0.350286	0.136439	0.000855
55	0.034463	0.160424	0.007519
56	0.046503	0.132026	0.005206
57	0.001744	0.144663	0.002186
58	0.001640	0.120008	0.005196
59	0.029112	0.142912	0.007460
60	0.000222	0.134623	0.003331
61	0.071715	0.096520	0.007068
62	0.000093	0.151347	0.007024
63	0.010468	0.108409	0.006277
64	0.054341	0.108131	0.004609
65	0.000290	0.137827	0.008799
66	0.007196	0.114369	0.001739
67	0.000000	0.121753	0.007063
68	0.005406	0.099963	0.011828
69	0.000000	0.090425	0.009273
70	0.000018	0.119787	0.007351
71	0.000644	0.132889	0.000000
72	0.000006	0.124837	0.000235
73	0.000070	0.100169	0.003985
74	0.000001	0.128510	0.002226
75	0.000233	0.073035	0.000000
76	0.000219	0.102542	0.003551
77	0.021502	0.121330	0.002146
78	0.000585	0.131309	0.002365
79	0.000002	0.117642	0.001852
80	0.000009	0.143612	0.003491
81	0.854475	0.143591	0.000000
82	0.001235	0.111245	0.002787
83	0.000018	0.102652	0.008959
84	0.000016	0.124563	0.000000
85	0.035614	0.158529	0.004499
86	0.011589	0.117893	0.000000
87	0.003394	0.133301	0.000000
88	0.000148	0.105528	0.000000
89	0.000297	0.162204	0.000775
90	0.010405	0.128958	0.000917
91	0.201982	0.144265	0.000000
92	0.011144	0.147330	0.000757
93	0.000015	0.104987	0.001790
94	0.042515	0.145529	0.000874
95	0.005638	0.110667	0.002907
96	0.028038	0.126085	0.000341
97	0.017908	0.108087	0.001843
98	0.001974	0.125227	0.000000
99	0.000000	0.107651	0.003084
100	0.000282	0.135214	0.000000
101	0.000001	0.111973	0.001351
102	0.030483	0.138748	0.004995
103	0.000000	0.088553	0.000000
104	0.003082	0.124250	0.002754
105	0.000000	0.095431	0.001908
106	0.258522	0.120689	0.000000
107	0.000002	0.096400	0.000040
108	0.008583	0.119207	0.000000
109	0.000015	0.121159	0.000000
110	0.000051	0.125320	0.000000
111	0.000001	0.122176	0.000000
112	0.046722	0.126613	0.000064
113	0.000092	0.077583	0.000000
114	0.000063	0.175785	0.000000
115	0.000111	0.141200	0.000972
116	0.032901	0.142349	0.003794
117	0.000253	0.145635	0.003283
118	0.199394	0.147796	0.002471
119	0.000008	0.136076	0.001563
120	0.022136	0.133821	0.000000
121	0.000068	0.135633	0.002712
122	0.002954	0.126067	0.002362
123	0.000159	0.101538	0.001355
124	0.000002	0.121294	0.000000
125	0.000660	0.149793	0.002197
126	0.004470	0.134339	0.001363
127	0.015203	0.143307	0.000074
128	0.000002	0.112097	0.001197
129	0.000000	0.158945	0.000000
130	0.000002	0.119169	0.000000
131	0.000052	0.129217	0.001822
132	0.000011	0.145456	0.000000
133	0.000002	0.143583	0.000154
134	0.002180	0.143661	0.003866
135	0.000107	0.154096	0.000537
136	0.000002	0.117514	0.000000
137	0.087008	0.123051	0.000000
138	0.000060	0.126070	0.000224
139	0.275667	0.119975	0.001960
140	0.020064	0.121482	0.001394
141	0.000193	0.118720	0.000350
142	0.000411	0.131115	0.000017
143	0.903513	0.142329	0.000000
144	0.000000	0.142699	0.000000
145	0.060903	0.150154	0.000064
146	0.000000	0.129975	0.001558
147	0.000412	0.176430	0.000000
148	0.000003	0.157260	0.000000
149	0.001996	0.065086	0.000000
150	0.000001	0.142591	0.001743
151	0.623925	0.165352	0.003468
152	0.000000	0.116952	0.000000
153	0.000275	0.130851	0.001756
154	0.004250	0.097975	0.001717
155	0.002347	0.153278	0.000372
156	0.006318	0.125358	0.001333
157	0.005782	0.150045	0.001559
158	0.000175	0.130520	0.000000
159	0.447804	0.123160	0.002467
160	0.000016	0.116826	0.000000
161	0.018513	0.115751	0.000000
162	0.002088	0.163545	0.003457
163	0.001362	0.152517	0.000868
164	0.003807	0.137270	0.000065
165	0.001595	0.174117	0.000000
166	0.001996	0.148122	0.002778
167	0.013190	0.114695	0.000000
168	0.025619	0.126712	0.000196
169	0.057625	0.134892	0.001246
170	0.025021	0.108559	0.000000
171	0.001369	0.131561	0.000000
172	0.017648	0.118607	0.002252
173	0.160756	0.140796	0.000000
174	0.000000	0.169947	0.001707
175	0.000029	0.166107	0.002115
176	0.000028	0.130494	0.000000
177	0.012362	0.169648	0.001349
178	0.000830	0.168181	0.000837
179	0.000003	0.143628	0.001602
180	0.000007	0.167314	0.001075
181	0.002977	0.172942	0.000000
182	0.009309	0.138026	0.000872
183	0.004227	0.133584	0.001805
184	0.004858	0.136740	0.000000
185	0.009262	0.127041	0.000000
186	0.000755	0.154791	0.000000
187	0.001017	0.119063	0.000000
188	0.219400	0.145409	0.000186
189	0.059598	0.114660	0.002393
190	0.055733	0.118999	0.000000
191	0.000134	0.147866	0.000113
192	0.005268	0.151568	0.001101
193	0.005532	0.149947	0.000000
194	0.003483	0.151943	0.000000
195	0.001081	0.129194	0.001283
196	0.000140	0.137852	0.002127
197	0.019194	0.146482	0.003010
198	0.000473	0.113802	0.002883
199	0.030801	0.158595	0.003137
200	0.004731	0.132797	0.002817
201	0.004534	0.143733	0.000000
202	0.120943	0.142243	0.000869
203	0.007290	0.148502	0.001318
204	0.000843	0.134722	0.001896
205	0.121253	0.144195	0.002929
206	0.004677	0.153288	0.000071
207	0.072996	0.138295	0.002221
208	0.016955	0.177247	0.001421
209	0.042198	0.160128	0.000000
210	0.127102	0.135772	0.001553
211	0.000007	0.137858	0.000939
212	0.012221	0.139157	0.002154
213	0.015416	0.148803	0.001354
214	0.241268	0.105992	0.002277
215	0.031569	0.113860	0.000361
216	0.019367	0.150819	0.001639
217	0.001624	0.128301	0.001463
218	0.000009	0.126818	0.001465
219	0.763396	0.139659	0.000723
220	0.023814	0.155629	0.001847
221	0.052081	0.136538	0.000000
222	0.044992	0.138905	0.000000
223	0.000053	0.128191	0.000000
224	0.194389	0.112069	0.001876
225	0.004278	0.140127	0.000000
226	0.000491	0.106357	0.000000
227	0.015550	0.153630	0.000000
228	0.062655	0.154287	0.000554
229	0.000076	0.135405	0.001201
230	0.090781	0.185986	0.001338
231	0.042866	0.150963	0.001862
232	0.040531	0.138437	0.002004
233	0.000003	0.138959	0.002732
234	0.044826	0.139215	0.000089
235	0.000701	0.138564	0.002269
236	0.101282	0.156635	0.000541
237	0.000047	0.088014	0.000325
238	0.000599	0.155582	0.003232
239	0.073219	0.120589	0.002029
240	0.024125	0.124176	0.001755
241	0.005349	0.136910	0.000478
242	0.059422	0.150092	0.001614
243	0.004651	0.126768	0.001895
244	0.000135	0.133689	0.003380
245	0.000065	0.101209	0.001953
246	0.001388	0.132177	0.000000
247	0.461579	0.111974	0.003078
248	0.009365	0.106723	0.002239
249	0.086971	0.140453	0.003300
250	0.002710	0.182905	0.001221
251	0.000541	0.126402	0.001227
252	0.020148	0.126578	0.003308
253	0.023433	0.136708	0.002266
254	0.000756	0.105643	0.001648
255	0.795226	0.129495	0.001606
256	0.001568	0.152466	0.003263
257	0.000672	0.163360	0.002455
258	0.003278	0.139771	0.001238
259	0.649401	0.153223	0.002237
260	0.207266	0.107678	0.000853
261	0.219850	0.137515	0.000744
262	0.003805	0.113957	0.001471
263	0.002908	0.187931	0.000000
264	0.011791	0.129462	0.001226
265	0.027221	0.153706	0.001217
266	0.254950	0.163944	0.001092
267	0.076776	0.141316	0.001717
268	0.000148	0.106120	0.002269
269	0.638767	0.129959	0.002147
270	0.008639	0.124262	0.001490
271	0.000187	0.114022	0.002150
272	0.000333	0.072903	0.002192
273	0.023720	0.135101	0.000891
274	0.000551	0.130512	0.000560
275	0.003538	0.140043	0.003365
276	0.000217	0.106511	0.002139
277	0.025573	0.133111	0.001849
278	0.071300	0.164365	0.002208
279	0.000979	0.142853	0.001731
280	0.005641	0.149229	0.001745
281	0.049127	0.157194	0.001715
282	0.024142	0.121867	0.002984
283	0.214937	0.170556	0.002488
284	0.008209	0.131142	0.000000
285	0.003186	0.154115	0.001988
286	0.126174	0.165343	0.003012
287	0.037857	0.134165	0.000668
288	0.027176	0.125198	0.000180
289	0.094520	0.169442	0.003299
290	0.170175	0.126935	0.002083
291	0.031610	0.148009	0.002796
292	0.014900	0.128757	0.001778
293	0.140350	0.128460	0.002363
294	0.001471	0.144437	0.000000
295	0.013380	0.141701	0.002147
296	0.006874	0.161291	0.000510
297	0.207069	0.136985	0.000000
298	0.196443	0.107224	0.000650
299	0.144641	0.151855	0.002235
300	0.013454	0.086485	0.000120
301	0.000172	0.142122	0.001929
302	0.043562	0.168478	0.002842
303	0.000001	0.117945	0.000072
304	0.638899	0.142293	0.001240
305	0.189412	0.099532	0.001784
306	0.002220	0.151703	0.001148
307	0.004738	0.138453	0.000558
308	0.017618	0.145074	0.003131
309	0.003538	0.119899	0.000508
310	0.067006	0.152334	0.002878
311	0.000468	0.152870	0.000000
312	0.117621	0.141812	0.001148
313	0.234246	0.133924	0.002366
314	0.022464	0.145856	0.002207
315	0.031854	0.138764	0.000369
316	0.000010	0.151970	0.001104
317	0.439998	0.155215	0.001748
318	0.090471	0.130921	0.000645
319	0.185796	0.134808	0.002438
320	0.008464	0.152686	0.000000
321	0.060394	0.154862	0.000651
322	0.050340	0.111102	0.001883
323	0.368415	0.148373	0.001310
324	0.021789	0.141051	0.002618
325	0.000001	0.135128	0.001752
326	0.285965	0.102317	0.000681
327	0.000143	0.152706	0.002349
328	0.052653	0.102308	0.000494
329	0.033265	0.100972	0.000000
330	0.034565	0.163526	0.001002
331	0.201334	0.118112	0.002113
332	0.074464	0.136219	0.000937
333	0.121957	0.157820	0.002283
334	0.052735	0.139795	0.000918
335	0.001748	0.140128	0.000165
336	0.021827	0.161935	0.002177
337	0.026620	0.147338	0.002863
338	0.001169	0.159323	0.000000
339	0.027012	0.162609	0.001799
340	0.097628	0.132445	0.002954
341	0.665508	0.138264	0.000369
342	0.367203	0.178788	0.001237
343	0.000062	0.148617	0.001211
344	0.012743	0.118313	0.000369
345	0.259930	0.162881	0.000496
346	0.070175	0.154420	0.000000
347	0.836301	0.153783	0.001107
348	0.012493	0.172778	0.000487
349	0.096007	0.157149	0.003000
350	0.180548	0.162213	0.000797
351	0.005246	0.142191	0.002732
352	0.000014	0.137547	0.000794
353	0.040678	0.123434	0.002489
354	0.551116	0.151683	0.002398
355	0.000733	0.138285	0.001024
356	0.028876	0.157575	0.002487
357	0.008223	0.178578	0.001920
358	0.121449	0.138331	0.002248
359	0.172605	0.127949	0.001412
360	0.001157	0.166601	0.002553
361	0.001800	0.136597	0.003045
362	0.058241	0.119901	0.002935
363	0.407048	0.126673	0.002222
364	0.022707	0.127552	0.001790
365	0.022358	0.127544	0.002742
366	0.000703	0.150008	0.003121
367	0.125101	0.152841	0.002533
368	0.023604	0.122027	0.000849
369	0.586292	0.126307	0.002298
370	0.344916	0.136572	0.002621
371	0.000312	0.134953	0.003005
372	0.097542	0.131865	0.002699
373	0.530797	0.168928	0.002496
374	0.064243	0.095609	0.001073
375	0.037359	0.137663	0.002409
376	0.107228	0.136288	0.001689
377	0.529423	0.132699	0.001752
378	0.005540	0.127873	0.001440
379	0.132739	0.143215	0.001351
380	0.217827	0.149483	0.002211
381	0.512251	0.157287	0.002463
382	0.001349	0.139260	0.001868
383	0.001722	0.186349	0.002382
384	0.001867	0.135358	0.000000
385	0.081506	0.142674	0.000000
386	0.008889	0.137630	0.001734
387	0.003899	0.152530	0.000000
388	0.258445	0.153067	0.001049
389	0.130852	0.143654	0.001399
390	0.000001	0.131845	0.000760
391	0.057547	0.130586	0.001556
392	0.002430	0.128106	0.002312
393	0.386657	0.144365	0.002057
394	0.002125	0.136667	0.001557
395	0.000789	0.164528	0.000000
396	0.217473	0.131611	0.002667
397	0.055319	0.174267	0.002519
398	0.623385	0.156205	0.002335
399	0.000933	0.123666	0.001902
400	0.548410	0.156498	0.003261
401	0.098825	0.181396	0.001632
402	0.001741	0.143105	0.002673
403	0.358149	0.152828	0.001101
404	0.029108	0.161125	0.000000
405	0.136009	0.130996	0.001733
406	0.000260	0.132469	0.000000
407	0.000915	0.135043	0.000299
408	0.018910	0.160853	0.002585
409	0.000573	0.148873	0.002996
410	0.053418	0.113518	0.001256
411	0.007047	0.131900	0.000750
412	0.006633	0.128241	0.000699
413	0.000503	0.153274	0.002615
414	0.005017	0.158522	0.002810
415	0.063466	0.153216	0.003107
416	0.490916	0.127507	0.002351
417	0.007808	0.131257	0.001065
418	0.006987	0.151368	0.001912
419	0.031053	0.151646	0.000644
420	0.167741	0.148149	0.002786
421	0.140939	0.180975	0.002325
422	0.145917	0.119999	0.001353
423	0.006829	0.167463	0.000586
424	0.272158	0.159744	0.002164
425	0.195041	0.116353	0.003048
426	0.376911	0.152024	0.001099
427	0.003439	0.135070	0.002394
428	0.006691	0.140336	0.002365
429	0.101731	0.148530	0.002767
430	0.039032	0.114970	0.000394
431	0.002129	0.167590	0.000488
432	0.014292	0.156127	0.001829
433	0.000006	0.119743	0.001355
434	0.268916	0.149353	0.001632
435	0.039973	0.130653	0.002701
436	0.000738	0.142274	0.001314
437	0.000993	0.181125	0.001385
438	0.200528	0.156599	0.002380
439	0.016987	0.136856	0.002440
440	0.012804	0.128539	0.002336
441	0.071272	0.160541	0.000781
442	0.001016	0.164215	0.001560
443	0.041514	0.122548	0.002323
444	0.005789	0.134973	0.000000
445	0.076959	0.148850	0.002092
446	0.132465	0.148634	0.000147
447	0.362451	0.189682	0.002106
448	0.115289	0.154319	0.000228
449	0.268724	0.162073	0.001391
450	0.001377	0.173718	0.001896
451	0.092814	0.150418	0.001847
452	0.001128	0.172825	0.001939
453	0.479242	0.126846	0.001084
454	0.125984	0.156716	0.001151
455	0.013458	0.123888	0.003038
456	0.023884	0.162586	0.000535
457	0.458020	0.154126	0.000000
458	0.026598	0.111583	0.001647
459	0.032236	0.166763	0.000000
460	0.113486	0.145390	0.000000
461	0.016698	0.168116	0.000081
462	0.021660	0.149819	0.001918
463	0.245245	0.156648	0.000343
464	0.069364	0.135141	0.000008
465	0.275320	0.150667	0.001163
466	0.074555	0.146434	0.001933
467	0.008258	0.136143	0.001291
468	0.000087	0.155715	0.000000
469	0.001356	0.148775	0.001673
470	0.000315	0.104877	0.000423
471	0.028752	0.145251	0.001042
472	0.005074	0.154411	0.001168
473	0.004290	0.135105	0.000000
474	0.126090	0.135333	0.000000
475	0.038686	0.147379	0.000000
476	0.005674	0.160160	0.001780
477	0.005155	0.148065	0.000644
478	0.469034	0.140814	0.001520
479	0.039809	0.160168	0.001207
480	0.000452	0.139149	0.002143
481	0.015253	0.180876	0.000000
482	0.001365	0.139645	0.000229
483	0.012315	0.142114	0.000741
484	0.000382	0.138625	0.002181
485	0.057915	0.146852	0.001895
486	0.002786	0.134665	0.000290
487	0.329628	0.134148	0.000187
488	0.148716	0.141761	0.000000
489	0.267855	0.142318	0.000839
490	0.032221	0.132140	0.000388
491	0.125006	0.170711	0.001420
492	0.000011	0.154619	0.000549
493	0.013988	0.134164	0.000000
494	0.631831	0.146873	0.001786
495	0.086530	0.162060	0.001334
496	0.005401	0.100931	0.000729
497	0.047040	0.191639	0.000000
498	0.126330	0.137974	0.001768
499	0.179713	0.193375	0.002117
500	0.275744	0.163969	0.001460
501	0.056633	0.135055	0.001300
502	0.053726	0.144232	0.001299
503	0.054314	0.153811	0.000000
504	0.024686	0.141901	0.001723
505	0.007039	0.113544	0.000000
506	0.004673	0.152577	0.002227
507	0.004715	0.165438	0.000783
508	0.023415	0.165056	0.000773
509	0.132854	0.142161	0.000000
510	0.027135	0.158742	0.000000
511	0.046429	0.150479	0.000435
512	0.026956	0.153450	0.001147
513	0.543915	0.150725	0.001845
514	0.006645	0.168161	0.002755
515	0.106452	0.162218	0.001400
516	0.372737	0.122500	0.001349
517	0.000051	0.125060	0.000000
518	0.348659	0.149212	0.000000
519	0.148747	0.156677	0.001078
520	0.000093	0.099399	0.001287
521	0.073159	0.164971	0.002787
522	0.007048	0.122410	0.000361
523	0.000000	0.083576	0.000000
524	0.016155	0.139625	0.001300
525	0.188662	0.128492	0.000000
526	0.001631	0.150010	0.001678
527	0.181004	0.145342	0.002201
528	0.004572	0.156421	0.001749
529	0.183645	0.140712	0.001752
530	0.020335	0.139235	0.002279
531	0.002673	0.173491	0.000448
532	0.028963	0.149900	0.000593
533	0.023522	0.137779	0.002197
534	0.027457	0.136089	0.000000
535	0.044242	0.133998	0.002961
536	0.000076	0.123884	0.001658
537	0.017274	0.137635	0.002028
538	0.001796	0.160722	0.000000
539	0.007087	0.118047	0.000000
540	0.751549	0.136018	0.002245
541	0.001291	0.148108	0.001871
542	0.008353	0.131152	0.001576
543	0.076719	0.150306	0.002724
544	0.112737	0.112726	0.002231
545	0.056527	0.159567	0.001903
546	0.040734	0.141951	0.000767
547	0.011833	0.155795	0.000000
548	0.052884	0.140108	0.001481
549	0.001472	0.131708	0.001446
550	0.006272	0.146225	0.001809
551	0.000045	0.095269	0.000000
552	0.000252	0.132524	0.000793
553	0.414261	0.124227	0.001747
554	0.057084	0.104007	0.001734
555	0.024565	0.132021	0.001845
556	0.008311	0.176973	0.001429
557	0.056026	0.127205	0.000020
558	0.043647	0.118902	0.001417
559	0.000116	0.151912	0.001327
560	0.246073	0.143228	0.002084
561	0.027696	0.120268	0.001839
562	0.002267	0.175925	0.001956
563	0.000052	0.166308	0.001280
564	0.003824	0.137208	0.002200
565	0.356873	0.152147	0.001939
566	0.007087	0.157406	0.000000
567	0.001201	0.147025	0.000895
568	0.770815	0.160410	0.000000
569	0.141712	0.127451	0.001795
570	0.001689	0.167569	0.002046
571	0.000148	0.149441	0.000000
572	0.000964	0.149989	0.001812
573	0.019688	0.136060	0.001979
574	0.046255	0.120070	0.002347
575	0.000147	0.108827	0.000000
576	0.008195	0.149330	0.001138
577	0.115938	0.121409	0.002519
578	0.143934	0.131081	0.000232
579	0.243056	0.116026	0.002780
580	0.148513	0.132865	0.001814
581	0.036172	0.114752	0.001379
582	0.013854	0.122112	0.002110
583	0.000353	0.155882	0.002441
584	0.018831	0.153787	0.002002
585	0.086211	0.155594	0.000967
586	0.006552	0.157949	0.002090
587	0.000194	0.137998	0.001706
588	0.000468	0.149663	0.000271
589	0.076335	0.106076	0.000042
590	0.135939	0.126378	0.000553
591	0.160654	0.136157	0.000000
592	0.004722	0.135751	0.001216
593	0.052544	0.177190	0.002862
594	0.065712	0.127775	0.001191
595	0.101469	0.159386	0.000230
596	0.561800	0.159663	0.000000
597	0.000707	0.159163	0.000429
598	0.070064	0.171811	0.000850
599	0.116863	0.104268	0.001484
600	0.050988	0.135233	0.001350
601	0.243727	0.165698	0.000962
602	0.004312	0.160742	0.001433
603	0.000038	0.150151	0.000000
604	0.039471	0.141932	0.001709
605	0.000655	0.101738	0.000250
606	0.129060	0.152364	0.000628
607	0.000695	0.124525	0.001185
608	0.293298	0.145969	0.000911
609	0.001481	0.127808	0.000822
610	0.220037	0.116680	0.000995
611	0.018227	0.131855	0.001677
612	0.011910	0.143014	0.001825
613	0.001010	0.126781	0.000893
614	0.049509	0.187598	0.001008
615	0.279454	0.175829	0.001504
616	0.471992	0.135537	0.001463
617	0.068919	0.162914	0.001844
618	0.003384	0.137268	0.002053
619	0.715833	0.125242	0.001276
620	0.064224	0.140692	0.000496
621	0.032066	0.158827	0.000000
622	0.000306	0.164551	0.001884
623	0.128488	0.189393	0.000797
624	0.157762	0.143361	0.001318
625	0.011665	0.152148	0.001598
626	0.004374	0.133109	0.001039
627	0.000002	0.122099	0.001190
628	0.015030	0.110204	0.001317
629	0.023499	0.143956	0.000132
630	0.004472	0.143463	0.000931
631	0.026122	0.159878	0.000000
632	0.000006	0.151171	0.001904
633	0.026738	0.124182	0.000000
634	0.762984	0.164562	0.001933
635	0.021929	0.125984	0.001792
636	0.000395	0.169134	0.000695
637	0.150334	0.149262	0.001269
638	0.271282	0.114744	0.001027
639	0.175057	0.121169	0.001398
640	0.017458	0.182594	0.001266
641	0.000013	0.137480	0.001169
642	0.244893	0.172699	0.001325
643	0.026951	0.171863	0.001181
644	0.048497	0.129234	0.001274
645	0.036159	0.165905	0.000436
646	0.511702	0.182699	0.000602
647	0.130363	0.151393	0.000000
648	0.076492	0.173797	0.000601
649	0.628122	0.129799	0.001052
650	0.016339	0.171962	0.001026
651	0.001241	0.140861	0.001463
652	0.039789	0.142727	0.001487
653	0.035849	0.123048	0.000756
654	0.335875	0.192632	0.000786
655	0.006612	0.158545	0.001263
656	0.017349	0.151799	0.000938
657	0.151049	0.155432	0.000117
658	0.090793	0.135016	0.001358
659	0.024528	0.152406	0.001446
660	0.004307	0.165866	0.000000
661	0.004457	0.150724	0.001719
662	0.753628	0.156002	0.000541
663	0.016025	0.175121	0.000847
664	0.169584	0.136931	0.000000
665	0.005620	0.152241	0.002007
666	0.023159	0.136731	0.001303
667	0.000322	0.144358	0.000997
668	0.129282	0.138419	0.001641
669	0.000140	0.158520	0.000743
670	0.076563	0.148182	0.001404
671	0.000002	0.154192	0.000743
672	0.034875	0.175722	0.001359
673	0.003920	0.130583	0.001073
674	0.014077	0.179724	0.001070
675	0.007398	0.119105	0.000998
676	0.796151	0.160754	0.001899
677	0.012974	0.182428	0.000279
678	0.435708	0.190763	0.000792
679	0.000012	0.149109	0.002526
680	0.702641	0.176299	0.000000
681	0.000270	0.154676	0.001145
682	0.000007	0.197681	0.001165
683	0.026144	0.118395	0.000677
684	0.068650	0.144040	0.000486
685	0.001768	0.115254	0.001246
686	0.004638	0.168540	0.001314
687	0.001678	0.152811	0.002196
688	0.233039	0.132599	0.000880
689	0.112598	0.168181	0.001265
690	0.715937	0.141963	0.001681
691	0.026319	0.160062	0.001088
692	0.003384	0.160697	0.000975
693	0.002255	0.166265	0.000645
694	0.132309	0.142371	0.001442
695	0.000105	0.160471	0.001368
696	0.000162	0.152372	0.001635
697	0.060963	0.137737	0.001426
698	0.240805	0.155457	0.000960
699	0.029172	0.171726	0.001793
